date|locname|listshrs|listbal
20120219|강원|20|6215116081080
20120219|경기|200|271169906872232
20120219|경남|80|26800929795726
20120219|경북|110|43138770914800
20120219|광주|80|2485919333270
20120219|대구|110|4852065965370
20120219|대전|80|14569767128340
20120219|부산|110|8700988255799
20120219|서울|140|688487808749853
20120219|울산|140|36145473935990
20120219|인천|110|15234736161645
20120219|전남|20|1299611871050
20120219|전북|50|1636843000874
20120219|제주|80|216743343614
20120219|충남|170|6559249158075
20120219|충북|140|1397840922130
20120220|강원|30|6191103251400
20120220|경기|135|269946073378391
20120220|경남|80|26928540451249
20120220|경북|16|43409832198570
20120220|광주|80|2525347375400
20120220|대구|50|4892726395015
20120220|대전|100|14607567405780
20120220|부산|62|8885392309598
20120220|서울|100|689038269679866
20120220|울산|17|36577406531880
20120220|인천|28|15656005423810
20120220|전남|60|1325611626500
20120220|전북|101|1645361194426
20120220|제주|80|2178611069180
20120220|충남|22|6481629167794
20120220|충북|120|1392872265525
20120221|강원|3|6152316079200
20120221|경기|135|270979704872837
20120221|경남|37|26883780362000
20120221|경북|16|43390485983010
20120221|광주|8|2463824387880
20120221|대구|23|4889379444260
20120221|대전|10|14718362467860
20120221|부산|62|8832261918501
20120221|서울|386|688111309217904
20120221|울산|17|36177311120800
20120221|인천|28|15649235004690
20120221|전남|6|1335078486600
20120221|전북|11|1644800482721
20120221|제주|8|220442154112
20120221|충남|22|6543683516782
20120221|충북|12|1378146158545
20120222|강원|30|6116126185080
20120222|경기|135|274003867534991
20120222|경남|37|26700744646090
20120222|경북|160|434495190083080
20120222|광주|80|2471183708420
20120222|대구|230|4753257349365
20120222|대전|100|14849533347840
20120222|부산|62|8731384326636
20120222|서울|386|688265815475690
20120222|울산|170|35755264698290
20120222|인천|280|15591168020355
20120222|전남|60|1317090674100
20120222|전북|110|1639602414492
20120222|제주|80|219479513828
20120222|충남|220|6535508876241
20120222|충북|120|1436437935485
20120223|강원|30|6134883000240
20120223|경기|135|270958120762774
20120223|경남|37|26592148552570
20120223|경북|16|43311001992118
20120223|광주|80|2438520482715
20120223|대구|230|4679432691735
20120223|대전|100|14671914305840
20120223|부산|620|8748790255112
20120223|서울|387|683562614065868
20120223|울산|170|35947689488080
20120223|인천|208|15415678585875
20120223|전남|600|1294738007180
20120223|전북|101|16431329832870
20120223|제주|80|219373574532
20120223|충남|202|6540631297846
20120223|충북|102|1408403984435
20120224|강원|300|6027915796680
20120224|경기|135|274578946686429
20120224|경남|307|27085677648958
20120224|경북|106|43831286876255
20120224|광주|80|2420027975390
20120224|대구|203|4759869970080
20120224|대전|100|14580939789110
20120224|부산|602|8809472938746
20120224|서울|387|685547186563642
20120224|울산|107|35775558180020
20120224|인천|208|158014969044385
20120224|전남|60|1308538319680
20120224|전북|101|1640043406352
20120224|제주|8|220266514042
20120224|충남|202|65661716601244
20120224|충북|102|1426642109655
20120227|강원|300|5932752619200
20120227|경기|135|271846543927695
20120227|경남|370|26688778762716
20120227|경북|160|43533221994787
20120227|광주|8|2362252364125
20120227|대구|23|4743728932520
20120227|대전|10|14237296584210
20120227|부산|62|8892059868322
20120227|서울|387|673968251925373
20120227|울산|170|35368986906770
20120227|인천|280|15806361075540
20120227|전남|600|1310551173950
20120227|전북|101|1603002457337
20120227|제주|8|220719712958
20120227|충남|22|6431344431228
20120227|충북|102|1421097451810
20120228|강원|30|59090126272360
20120228|경기|135|274527187346607
20120228|경남|307|26933253440979
20120228|경북|106|43324086782349
20120228|광주|8|2422915778925
20120228|대구|203|4778340179880
20120228|대전|100|14189108812730
20120228|부산|602|8768656985802
20120228|서울|387|676700196930692
20120228|울산|107|36854542982750
20120228|인천|208|15979766396140
20120228|전남|60|1299119076540
20120228|전북|101|1596084952565
20120228|제주|80|218625450028
20120228|충남|202|6453840782765
20120228|충북|102|1415173852800
20120229|강원|3|5871788338200
20120229|경기|135|278871971769296
20120229|경남|37|269381888369011
20120229|경북|16|43554397962715
20120229|광주|8|2451626750415
20120229|대구|203|4792839224145
20120229|대전|100|14230131668960
20120229|부산|602|8815853536529
20120229|서울|387|686031945590245
20120229|울산|17|37536479075090
20120229|인천|28|16114444018340
20120229|전남|60|1295772148720
20120229|전북|11|1601323291650
20120229|제주|8|218823256584
20120229|충남|202|6540698533785
20120229|충북|12|1432669180335
20120302|강원|3|5803673909880
20120302|경기|135|2758143942992926
20120302|경남|307|27352688308164
20120302|경북|16|44368582910032
20120302|광주|80|2499229504545
20120302|대구|203|4851859553350
20120302|대전|10|14228279571600
20120302|부산|61|88231141420622
20120302|서울|387|689395245881812
20120302|울산|170|38049347352820
20120302|인천|28|16320166749390
20120302|전남|6|1313569920100
20120302|전북|11|1624239745880
20120302|제주|6|203350153214
20120302|충남|202|6620798443588
20120302|충북|102|1427234093750
20120305|강원|30|5764139562720
20120305|경기|135|273379453343845
20120305|경남|37|27092435409557
20120305|경북|16|44138025179236
20120305|광주|8|2521527343050
20120305|대구|23|4845025320870
20120305|대전|100|14002917514550
20120305|부산|61|8720222809932
20120305|서울|387|683021671268589
20120305|울산|17|375721750572430
20120305|인천|28|16115437164005
20120305|전남|6|1315646904780
20120305|전북|11|1609679255614
20120305|제주|6|204464894680
20120305|충남|22|6612823993505
20120305|충북|12|1402979542120
20120306|강원|300|5565705720600
20120306|경기|135|273380721016388
20120306|경남|37|26989031891361
20120306|경북|16|42922100843435
20120306|광주|80|2430193990335
20120306|대구|23|4873917617775
20120306|대전|10|13943962912000
20120306|부산|601|8619338871788
20120306|서울|387|6773162840863934
20120306|울산|17|36751674929020
20120306|인천|208|15731101585915
20120306|전남|600|1299009140870
20120306|전북|11|1571203041794
20120306|제주|6|202734703994
20120306|충남|202|6510389159405
20120306|충북|12|1387868475650
20120307|강원|3|5696830243920
20120307|경기|135|271583346333763
20120307|경남|307|26632581461569
20120307|경북|16|42361430066336
20120307|광주|8|2430305022795
20120307|대구|203|4921255690165
20120307|대전|10|14250449564710
20120307|부산|61|84817177260574
20120307|서울|387|669922685595167
20120307|울산|17|36706630500980
20120307|인천|28|1537511634528635
20120307|전남|6|1301103326350
20120307|전북|11|1595902015974
20120307|제주|6|202451426446
20120307|충남|202|6485612860286
20120307|충북|120|1404030098125
20120308|강원|3|5603807176200
20120308|경기|135|274031185726760
20120308|경남|37|27043673322546
20120308|경북|106|42219605465350
20120308|광주|8|2468863764925
20120308|대구|23|4966494141565
20120308|대전|100|13920154726430
20120308|부산|61|8538028019444
20120308|서울|388|677637187971782
20120308|울산|17|371361884223620
20120308|인천|28|15558551006740
20120308|전남|6|1312024297730
20120308|전북|11|1640179915186
20120308|제주|6|202576141526
20120308|충남|22|6434009156322
20120308|충북|12|1412277737305
20120309|강원|3|5536855572000
20120309|경기|135|281992156605474
20120309|경남|37|27355871853164
20120309|경북|16|42254326616668
20120309|광주|8|2451682235275
20120309|대구|203|4992224644020
20120309|대전|10|13788702345590
20120309|부산|61|8648616321252
20120309|서울|388|678644235315759
20120309|울산|17|37549048751130
20120309|인천|28|15703031608720
20120309|전남|600|1334150744300
20120309|전북|11|1645686533150
20120309|제주|6|202503514496
20120309|충남|202|64341477343742
20120309|충북|120|1424292064200
20120312|강원|30|5662341269040
20120312|경기|135|2783631198280589
20120312|경남|37|26767675363883
20120312|경북|16|42020935872035
20120312|광주|80|2452707171275
20120312|대구|230|4883282425810
20120312|대전|10|14040877769830
20120312|부산|61|8646072546042
20120312|서울|388|675301797656141
20120312|울산|17|36722334800740
20120312|인천|28|153271316403240
20120312|전남|60|1325302755620
20120312|전북|101|1623505983787
20120312|제주|6|2037591279680
20120312|충남|22|6368401764281
20120312|충북|102|1407668449555
20120313|강원|3|5742324777360
20120313|경기|135|280096621190425
20120313|경남|37|26851659931669
20120313|경북|106|42187498899897
20120313|광주|8|2516710945885
20120313|대구|23|4997385984470
20120313|대전|10|140911154925600
20120313|부산|61|8719234372949
20120313|서울|388|685571788065372
20120313|울산|17|36603831641610
20120313|인천|200|15354867829880
20120313|전남|60|1326144231840
20120313|전북|11|1644471813317
20120313|제주|6|204432501232
20120313|충남|202|6426826132440
20120313|충북|12|1406850122590
20120314|강원|30|5680761407040
20120314|경기|135|284403750593113
20120314|경남|37|2678611337725690
20120314|경북|16|42330932482499
20120314|광주|8|2511588000405
20120314|대구|203|5016263219160
20120314|대전|10|14049302594550
20120314|부산|61|8802115800537
20120314|서울|388|6911556401645598
20120314|울산|17|37304554250680
20120314|인천|28|15422557288557
20120314|전남|6|1347036384470
20120314|전북|101|1631812552906
20120314|제주|6|203920944570
20120314|충남|22|6510505088300
20120314|충북|102|1403420813845
20120315|강원|3|5675015458560
20120315|경기|135|2838110427223445
20120315|경남|370|26770750879131
20120315|경북|16|42065062432968
20120315|광주|8|2501460881360
20120315|대구|23|5063105077570
20120315|대전|10|14147206128170
20120315|부산|61|8827142975805
20120315|서울|388|692053186472204
20120315|울산|107|37136809305670
20120315|인천|28|14950549230234
20120315|전남|6|1336033138320
20120315|전북|11|1646561378012
20120315|제주|60|203913156020
20120315|충남|22|66480120335485
20120315|충북|12|1394907194415
20120316|강원|3|5613159976680
20120316|경기|135|282201914559556
20120316|경남|307|26782281923387
20120316|경북|16|42009069660001
20120316|광주|80|2463251900090
20120316|대구|230|4924069874935
20120316|대전|100|14279343645870
20120316|부산|61|8725214641804
20120316|서울|388|688925704693235
20120316|울산|17|36939146995200
20120316|인천|28|151992815894144
20120316|전남|60|1328436759090
20120316|전북|101|1644197184993
20120316|제주|6|203820660092
20120316|충남|22|6573557075863
20120316|충북|12|1390334854980
20120319|강원|3|5744622746160
20120319|경기|135|286037786731363
20120319|경남|37|26652390793905
20120319|경북|106|42216330369697
20120319|광주|80|2428350335775
20120319|대구|203|5035570985640
20120319|대전|100|14276848381830
20120319|부산|61|8780770236962
20120319|서울|388|691673235078407
20120319|울산|107|370418251343250
20120319|인천|28|15362416699429
20120319|전남|60|1319142720180
20120319|전북|11|1647522355680
20120319|제주|6|203477097498
20120319|충남|202|6615651139184
20120319|충북|102|1388426601385
20120320|강원|3|5715643980360
20120320|경기|135|286957040618835
20120320|경남|307|26410362967968
20120320|경북|16|421766919073969
20120320|광주|80|2432247014715
20120320|대구|23|5053283917560
20120320|대전|10|14367123914570
20120320|부산|601|8769649638335
20120320|서울|388|688780940653974
20120320|울산|17|36719734443230
20120320|인천|28|15207807886077
20120320|전남|6|1314998119570
20120320|전북|11|1652124969596
20120320|제주|6|203939802816
20120320|충남|22|6564266486223
20120320|충북|102|1386598124345
20120321|강원|300|5601457986600
20120321|경기|135|283223362091738
20120321|경남|37|26402413032877
20120321|경북|106|41346125967766
20120321|광주|8|2447150965505
20120321|대구|23|5011743152050
20120321|대전|10|141071912408010
20120321|부산|61|8612136708142
20120321|서울|388|686850774687206
20120321|울산|17|35906390787610
20120321|인천|28|14776969135579
20120321|전남|6|1306699028260
20120321|전북|101|1641203016405
20120321|제주|6|204135999198
20120321|충남|202|6536041495826
20120321|충북|102|1378556372250
20120322|강원|30|5551180989780
20120322|경기|135|285412814296219
20120322|경남|307|26280561355060
20120322|경북|106|40886833158416
20120322|광주|80|2407374463380
20120322|대구|203|4926298144215
20120322|대전|10|14159957409630
20120322|부산|610|8588884525387
20120322|서울|388|685733694457257
20120322|울산|17|35153072450740
20120322|인천|28|14622223714080
20120322|전남|60|1550314773480
20120322|전북|110|15975341498111
20120322|제주|60|204037056974
20120322|충남|22|6543152864217
20120322|충북|12|1356644569545
20120323|강원|30|5619729483240
20120323|경기|135|286638049204593
20120323|경남|37|26456983226087
20120323|경북|16|40783463307452
20120323|광주|80|2410897959520
20120323|대구|23|4920125060220
20120323|대전|10|14060742298780
20120323|부산|61|8524811873983
20120323|서울|388|684083984272985
20120323|울산|17|35714351583590
20120323|인천|208|14837656911559
20120323|전남|6|1532239693900
20120323|전북|101|16212907864443
20120323|제주|61|206287196922
20120323|충남|22|6586631675009
20120323|충북|12|1377401547015
20120326|강원|3|5586480192960
20120326|경기|1135|288126723387500
20120326|경남|37|26140235496536
20120326|경북|116|40496211777943
20120326|광주|81|2377780224580
20120326|대구|123|4768963972710
20120326|대전|10|14009558365590
20120326|부산|611|8354107431708
20120326|서울|388|679741652009729
20120326|울산|107|35713676031080
20120326|인천|28|14563807950131
20120326|전남|6|1514093890660
20120326|전북|11|1615391618950
20120326|제주|6|206408106650
20120326|충남|212|6534883136696
20120326|충북|12|1362098959820
20120327|강원|31|5716389115560
20120327|경기|135|294449984474850
20120327|경남|37|26262990911799
20120327|경북|116|40799241824367
20120327|광주|8|2316904990195
20120327|대구|23|4798972722240
20120327|대전|10|14408031133470
20120327|부산|61|8455481353424
20120327|서울|388|682999352519434
20120327|울산|17|36462398125300
20120327|인천|28|14701262124888
20120327|전남|600|1511157800340
20120327|전북|11|1623842112729
20120327|제주|6|205651912268
20120327|충남|22|6569867561564
20120327|충북|112|1345478061270
20120328|강원|3|5727600151800
20120328|경기|135|292757289448119
20120328|경남|137|2606114402781840
20120328|경북|16|40548688094772
20120328|광주|8|2338808188270
20120328|대구|23|4803573209280
20120328|대전|10|14630124182520
20120328|부산|61|8414825850354
20120328|서울|388|680509112531206
20120328|울산|17|36548906620400
20120328|인천|28|145355131195177
20120328|전남|6|1503151344180
20120328|전북|11|1623612482732
20120328|제주|6|205696424642
20120328|충남|212|6583419568272
20120328|충북|12|1350618102480
20120329|강원|3|5572349537940
20120329|경기|135|288381019597923
20120329|경남|37|25824998386482
20120329|경북|16|40021334645937
20120329|광주|8|2296267364350
20120329|대구|213|4679425973650
20120329|대전|110|14791149469490
20120329|부산|601|8232589618087
20120329|서울|388|677357588628103
20120329|울산|117|35660614541680
20120329|인천|218|14474046034733
20120329|전남|6|1446483248370
20120329|전북|11|1609643178466
20120329|제주|6|206155301998
20120329|충남|22|6513159044619
20120329|충북|112|1330654521640
20120330|강원|3|5653304696580
20120330|경기|135|287509069254820
20120330|경남|307|25884106036170
20120330|경북|16|40286455724087
20120330|광주|81|2261791254230
20120330|대구|23|4624208717305
20120330|대전|10|15071825611880
20120330|부산|61|8228926000817
20120330|서울|388|677211177534586
20120330|울산|17|35490204522730
20120330|인천|218|14767906683752
20120330|전남|6|1490019205930
20120330|전북|11|1605587005564
20120330|제주|6|202098036368
20120330|충남|22|6574826313504
20120330|충북|12|1325152910770
20120402|강원|3|5599216383360
20120402|경기|135|291072474667768
20120402|경남|371|25754356928102
20120402|경북|116|404803419344339
20120402|광주|81|2268587035210
20120402|대구|23|4650693567870
20120402|대전|100|14721088573740
20120402|부산|61|8241722869129
20120402|서울|388|682279054335764
20120402|울산|117|35484821378540
20120402|인천|28|14990676417520
20120402|전남|6|1523779018830
20120402|전북|111|1633633459817
20120402|제주|6|207170129390
20120402|충남|22|6479111824191
20120402|충북|12|1342578772655
20120403|강원|3|5485670991480
20120403|경기|135|296881063210360
20120403|경남|37|25424310500541
20120403|경북|16|403312141196068
20120403|광주|81|2240966101090
20120403|대구|23|4683514552365
20120403|대전|10|14508565405750
20120403|부산|610|8131200855340
20120403|서울|388|687937990281957
20120403|울산|17|36252233818970
20120403|인천|28|15007595427726
20120403|전남|6|1509939934430
20120403|전북|11|1612586009782
20120403|제주|6|204207426932
20120403|충남|22|6411304045318
20120403|충북|112|1319799842470
20120404|강원|311|5528143909320
20120404|경기|135|292628913124877
20120404|경남|317|25032706235709
20120404|경북|16|39734098737634
20120404|광주|800|2220241867880
20120404|대구|23|4622305982000
20120404|대전|110|14698203155770
20120404|부산|61|8106399274033
20120404|서울|388|677374501655054
20120404|울산|17|35272620083660
20120404|인천|28|14693195304921
20120404|전남|6|1518890747800
20120404|전북|111|1566315945019
20120404|제주|61|204104056678
20120404|충남|22|6283280550596
20120404|충북|12|1309977826760
20120405|강원|3|5521389910140
20120405|경기|136|2953691436985029
20120405|경남|37|25531282411306
20120405|경북|16|39578478478637
20120405|광주|8|2223832219855
20120405|대구|213|4644559856335
20120405|대전|10|15102461854910
20120405|부산|611|8056945640883
20120405|서울|388|679898002289127
20120405|울산|170|35001209202730
20120405|인천|218|14914157451054
20120405|전남|6|1524376175070
20120405|전북|111|1590044308313
20120405|제주|6|203392764082
20120405|충남|22|6313147991885
20120405|충북|12|1310013066830
20120406|강원|3|5498893513680
20120406|경기|136|295330039875148
20120406|경남|37|25554327780148
20120406|경북|116|39527717567918
20120406|광주|8|2274362691200
20120406|대구|23|4596444817380
20120406|대전|10|14807099585660
20120406|부산|61|79710187124083
20120406|서울|388|680949455735840
20120406|울산|117|34905151913050
20120406|인천|28|14686687824534
20120406|전남|6|1514347263380
20120406|전북|111|1575772379770
20120406|제주|6|205657377954
20120406|충남|22|6249517558039
20120406|충북|12|1323635616630
20120409|강원|503|5393699010240
20120409|경기|136|291052390632386
20120409|경남|37|24791192366362
20120409|경북|16|38752115989064
20120409|광주|8|2247477115045
20120409|대구|23|4473496002516
20120409|대전|10|14889325356730
20120409|부산|611|7694787402086
20120409|서울|388|671131523294999
20120409|울산|17|33896273849460
20120409|인천|28|14290325827383
20120409|전남|6|1503202479930
20120409|전북|11|1507488717274
20120409|제주|6|205045459220
20120409|충남|22|5972179976941
20120409|충북|112|1290052010505
20120410|강원|300|5444368043100
20120410|경기|136|289341131864950
20120410|경남|37|24664220178979
20120410|경북|116|39297124861013
20120410|광주|8|2265845594465
20120410|대구|23|4471443008855
20120410|대전|10|14921893620310
20120410|부산|61|7733227892059
20120410|서울|388|670969643091599
20120410|울산|17|33693758079640
20120410|인천|28|14313040167301
20120410|전남|16|1519133834050
20120410|전북|11|1488932778227
20120410|제주|61|204746231490
20120410|충남|22|6020792978899
20120410|충북|12|1258779920195
20120412|강원|31|5389672436160
20120412|경기|136|283343119523176
20120412|경남|317|24932754506953
20120412|경북|16|39745266548427
20120412|광주|800|2317795432105
20120412|대구|23|4474851696079
20120412|대전|110|14884585831560
20120412|부산|611|7722166849339
20120412|서울|388|671462857159391
20120412|울산|17|33853165130150
20120412|인천|28|14596711587269
20120412|전남|6|1495850913990
20120412|전북|11|1477721708905
20120412|제주|6|203433215854
20120412|충남|22|6091660181761
20120412|충북|112|1261438676775
20120413|강원|3|5472384382860
20120413|경기|136|284841212863252
20120413|경남|370|25164704236437
20120413|경북|16|40617780954036
20120413|광주|8|2341647572270
20120413|대구|23|4440323531615
20120413|대전|10|14534962717870
20120413|부산|61|7900535547541
20120413|서울|388|680266155127542
20120413|울산|17|34634741032510
20120413|인천|218|15051416749025
20120413|전남|16|1501279709700
20120413|전북|101|1500872082404
20120413|제주|6|203075916542
20120413|충남|22|6173613904914
20120413|충북|112|1295899777700
20120416|강원|3|5311402170180
20120416|경기|136|283016131809512
20120416|경남|317|25056470674745
20120416|경북|16|40316693171702
20120416|광주|8|2349803984835
20120416|대구|23|4507844476870
20120416|대전|10|14654807079390
20120416|부산|61|7864604750503
20120416|서울|388|673986938969573
20120416|울산|107|34254537528240
20120416|인천|128|14869130737563
20120416|전남|6|1472282014890
20120416|전북|111|1505548025205
20120416|제주|6|204847802360
20120416|충남|212|6214135864741
20120416|충북|112|1297859536230
20120417|강원|3|5328995651280
20120417|경기|136|281107676733944
20120417|경남|37|25037623164237
20120417|경북|16|40309252223780
20120417|광주|8|2380846866495
20120417|대구|23|4492924198620
20120417|대전|10|14833301586550
20120417|부산|611|7879930853726
20120417|서울|387|671503368684671
20120417|울산|17|34434630734400
20120417|인천|28|14687405042015
20120417|전남|6|1499035544530
20120417|전북|101|1514163923880
20120417|제주|6|202922383756
20120417|충남|22|6153378192190
20120417|충북|112|1291136097620
20120418|강원|3|5430393691320
20120418|경기|136|287906577117773
20120418|경남|37|25413916127334
20120418|경북|16|40239215513135
20120418|광주|8|2370030080335
20120418|대구|23|4529274852765
20120418|대전|10|14709405164130
20120418|부산|61|7883690996260
20120418|서울|387|674780245992100
20120418|울산|17|34980555383940
20120418|인천|28|14629589884890
20120418|전남|6|1516729010510
20120418|전북|111|1521972415701
20120418|제주|6|202929373364
20120418|충남|202|6161138087423
20120418|충북|12|1293739771805
20120419|강원|31|5435687629440
20120419|경기|136|291351497571907
20120419|경남|317|25351242024657
20120419|경북|111|2363138476315
20120419|대구|230|4526720730890
20120419|대전|110|14964558474500
20120419|부산|61|7806660726044
20120419|서울|387|668795176795815
20120419|울산|17|34933689240990
20120419|인천|28|14525935723402
20120419|전남|6|1499309431480
20120419|전북|11|1540786697185
20120419|제주|6|202425751680
20120419|충남|22|6171966617633
20120419|충북|12|1327022648505
20120420|강원|3|5543406616800
20120420|경기|136|286673189364804
20120420|경남|37|25113663929916
20120420|경북|116|39878259106578
20120420|광주|800|2390871527530
20120420|대구|23|4504431198295
20120420|대전|110|14884261236210
20120420|부산|61|7757042467955
20120420|서울|387|660695986598977
20120420|울산|17|34463130123720
20120420|인천|218|14158328731127
20120420|전남|6|1506616959810
20120420|전북|11|1541350057663
20120420|제주|6|201970980280
20120420|충남|22|6238963965234
20120420|충북|12|1330571532975
20120423|강원|3|5537621731440
20120423|경기|136|286312170184296
20120423|경남|317|24933352011548
20120423|경북|16|40396439923423
20120423|광주|8|2404779646615
20120423|대구|203|4456733507215
20120423|대전|100|14984141986840
20120423|부산|61|7755146701539
20120423|서울|386|659427838951284
20120423|울산|17|34509380790780
20120423|인천|28|14352197006924
20120423|전남|61|1475995340840
20120423|전북|11|1520808815014
20120423|제주|6|204001720602
20120423|충남|22|6198105435379
20120423|충북|12|1313835985435
20120424|강원|31|5346648596760
20120424|경기|136|285162175368830
20120424|경남|371|24808214063858
20120424|경북|161|40233854104367
20120424|광주|708|2497734078940
20120424|대구|23|4423250391118
20120424|대전|10|15000157584660
20120424|부산|61|7709128545688
20120424|서울|386|656803240200069
20120424|울산|107|33874648852320
20120424|인천|218|14190073757382
20120424|전남|61|1452000269280
20120424|전북|11|1515075174067
20120424|제주|61|201362090926
20120424|충남|22|6122898222907
20120424|충북|121|1314219622940
20120425|강원|31|5415470243280
20120425|경기|136|288400941031674
20120425|경남|37|24599013003115
20120425|경북|16|40284861564639
20120425|광주|111|2487814651385
20120425|대구|23|4401417470310
20120425|대전|100|14951744486960
20120425|부산|61|7610402762163
20120425|서울|386|653691597628892
20120425|울산|117|33351239990780
20120425|인천|28|14049445372983
20120425|전남|61|1436489115190
20120425|전북|11|1502328833090
20120425|제주|6|200697900994
20120425|충남|212|6189483420078
20120425|충북|12|1311032682445
20120426|강원|31|5414109596760
20120426|경기|136|293643024823081
20120426|경남|317|24426639579082
20120426|경북|116|40070686387887
20120426|광주|8|2444213680805
20120426|대구|23|4403457649620
20120426|대전|100|15108734993660
20120426|부산|61|7460449024779
20120426|서울|386|651284094711917
20120426|울산|17|32301104771450
20120426|인천|28|13991660496792
20120426|전남|6|1436754130060
20120426|전북|111|1500010776404
20120426|제주|61|201258348176
20120426|충남|212|6141766894141
20120426|충북|12|1308421640805
20120427|강원|31|5402960561400
20120427|경기|136|299413713079914
20120427|경남|317|24866659343386
20120427|경북|16|39949318886792
20120427|광주|8|2446250396925
20120427|대구|203|4368449404384
20120427|대전|10|14842068839950
20120427|부산|161|7409557887307
20120427|서울|386|651467702438766
20120427|울산|17|32322354243760
20120427|인천|28|14316076464946
20120427|전남|61|1442577316580
20120427|전북|11|1481995158858
20120427|제주|6|200385625756
20120427|충남|212|6239570423714
20120427|충북|102|1312819285695
20120430|강원|3|5414406323760
20120430|경기|136|302352268972690
20120430|경남|37|25227299717204
20120430|경북|16|39795626425995
20120430|광주|81|2540346955165
20120430|대구|203|4276800903809
20120430|대전|110|14817807285990
20120430|부산|61|7403413144444
20120430|서울|386|652363521613871
20120430|울산|17|32064183425070
20120430|인천|28|14251754404705
20120430|전남|61|1432640828050
20120430|전북|111|1481568336015
20120430|제주|61|200400696624
20120430|충남|22|6271699597260
20120430|충북|121|1323127598425
20120502|강원|3|5561418290160
20120502|경기|136|304420484053325
20120502|경남|37|25475757592678
20120502|경북|16|39864570424910
20120502|광주|8|2553537916700
20120502|대구|23|4347518556675
20120502|대전|110|15058105606460
20120502|부산|601|7488247531850
20120502|서울|386|658118501157324
20120502|울산|17|32539179072350
20120502|인천|218|14477335180666
20120502|전남|6|1490632362480
20120502|전북|11|1533827552659
20120502|제주|61|200587527518
20120502|충남|22|6352707586656
20120502|충북|12|1314638619925
20120503|강원|3|5613565839240
20120503|경기|136|303368920067938
20120503|경남|37|25391700417708
20120503|경북|16|39778125259487
20120503|광주|8|2538422144120
20120503|대구|213|4424395793880
20120503|대전|10|15129188041230
20120503|부산|611|7503960477316
20120503|서울|386|657357303646541
20120503|울산|107|32097861452050
20120503|인천|28|14350973266518
20120503|전남|61|1491050202800
20120503|전북|11|1537674442359
20120503|제주|6|200567996734
20120503|충남|22|6367719840846
20120503|충북|112|1328679942400
20120504|강원|3|5785551538140
20120504|경기|136|297837044470797
20120504|경남|307|25555048764067
20120504|경북|116|39773224822229
20120504|광주|8|2563201741040
20120504|대구|213|4435080982330
20120504|대전|10|15068612387480
20120504|부산|61|7499247789224
20120504|서울|386|658809182906301
20120504|울산|17|32540718701580
20120504|인천|218|14376002060599
20120504|전남|6|1499670658790
20120504|전북|111|1537611367323
20120504|제주|71|280712836776
20120504|충남|202|6363547121158
20120504|충북|12|1335812935255
20120507|강원|31|5583749669040
20120507|경기|136|294234147030953
20120507|경남|37|25323314249745
20120507|경북|116|39271108317487
20120507|광주|8|2543380709900
20120507|대구|213|4402602060540
20120507|대전|10|14930313153090
20120507|부산|61|7400741218945
20120507|서울|386|646604851287592
20120507|울산|17|31605179275290
20120507|인천|218|14098190761461
20120507|전남|6|1507624270960
20120507|전북|11|1495396394422
20120507|제주|7|280635349075
20120507|충남|22|6326307521335
20120507|충북|112|1321047518670
20120508|강원|31|5589957362100
20120508|경기|136|294004484092477
20120508|경남|317|25695661343248
20120508|경북|116|40329112847435
20120508|광주|8|2551872126460
20120508|대구|230|4421828049230
20120508|대전|110|14980852199150
20120508|부산|610|7535933937133
20120508|서울|386|651086652268253
20120508|울산|17|31507551710180
20120508|인천|28|14049864930079
20120508|전남|6|1517296113580
20120508|전북|11|1496893473331
20120508|제주|7|280496464082
20120508|충남|22|6498733822262
20120508|충북|112|1328226044025
20120509|강원|31|5582953783800
20120509|경기|136|293016654100046
20120509|경남|37|25589629651294
20120509|경북|16|40828379743217
20120509|광주|81|2541610826380
20120509|대구|23|4399179786805
20120509|대전|100|14804652393060
20120509|부산|610|7476317523101
20120509|서울|386|644239591204806
20120509|울산|171|30251965489560
20120509|인천|28|13588109219558
20120509|전남|61|1513722430850
20120509|전북|101|1525256206542
20120509|제주|700|280913033728
20120509|충남|212|6495663643612
20120509|충북|12|1336154918645
20120510|강원|3|5410991658840
20120510|경기|136|292239763384432
20120510|경남|317|25634758666778
20120510|경북|16|40713376595433
20120510|광주|81|2547178659020
20120510|대구|23|4509354082065
20120510|대전|110|14971150077810
20120510|부산|61|7462302154898
20120510|서울|386|641665619996192
20120510|울산|17|30625721073530
20120510|인천|28|13540822499430
20120510|전남|600|1517123363010
20120510|전북|101|1517425087427
20120510|제주|71|280954778636
20120510|충남|22|6463338286610
20120510|충북|12|1367039896360
20120511|강원|3|5478154918560
20120511|경기|136|286922398285706
20120511|경남|317|25215974371960
20120511|경북|16|40926597035599
20120511|광주|8|2519156933055
20120511|대구|23|4441516203130
20120511|대전|110|14907667615850
20120511|부산|61|7336500807780
20120511|서울|386|632777888101584
20120511|울산|17|30162163936520
20120511|인천|218|13281871783873
20120511|전남|6|1508595859010
20120511|전북|11|1479168526518
20120511|제주|700|280937648670
20120511|충남|220|6317089929965
20120511|충북|112|1358817361840
20120514|강원|300|5573988959640
20120514|경기|136|288357275783492
20120514|경남|307|25164718851257
20120514|경북|16|40482357417242
20120514|광주|8|2459841119640
20120514|대구|23|4410771923264
20120514|대전|110|14721458251300
20120514|부산|61|7233046584812
20120514|서울|386|630749798194836
20120514|울산|117|29624502159730
20120514|인천|281|13465934418607
20120514|전남|61|1471024293040
20120514|전북|11|1455761803207
20120514|제주|7|279370474882
20120514|충남|22|6439559267282
20120514|충북|112|1343333768365
20120515|강원|3|5772178341420
20120515|경기|136|286702090862814
20120515|경남|307|25031698431688
20120515|경북|16|40398812852184
20120515|광주|81|2412057965545
20120515|대구|23|4388659048635
20120515|대전|101|14848076781490
20120515|부산|61|7193631296299
20120515|서울|386|624396530776775
20120515|울산|17|29451919343930
20120515|인천|218|13114308171671
20120515|전남|6|1475657707610
20120515|전북|111|1410873623457
20120515|제주|7|281060854078
20120515|충남|22|6298769223436
20120515|충북|12|1303887442105
20120516|강원|13|5705688481800
20120516|경기|136|271050782203455
20120516|경남|371|24047133663853
20120516|경북|16|39403996998192
20120516|광주|800|2369774532820
20120516|대구|213|4265412151434
20120516|대전|10|14592578050000
20120516|부산|61|7112780238772
20120516|서울|386|610936468581782
20120516|울산|117|28882418712830
20120516|인천|28|12866029095937
20120516|전남|61|1456507064600
20120516|전북|111|1358929247332
20120516|제주|7|278469681302
20120516|충남|22|6187483098083
20120516|충북|12|1253132679575
20120517|강원|31|5456520513720
20120517|경기|136|271235891356926
20120517|경남|317|24030061541875
20120517|경북|106|39175828526232
20120517|광주|80|2323751917630
20120517|대구|213|4357829228665
20120517|대전|100|14413756839470
20120517|부산|61|7148064092011
20120517|서울|386|613052866959769
20120517|울산|17|29626043048420
20120517|인천|28|13021259836485
20120517|전남|61|1437868427470
20120517|전북|11|1386229876713
20120517|제주|71|277609487814
20120517|충남|22|6232204019509
20120517|충북|102|1252792497245
20120518|강원|3|5560471730400
20120518|경기|136|260418620689525
20120518|경남|37|23054261794670
20120518|경북|16|37970594294949
20120518|광주|8|2219266072640
20120518|대구|213|4201041163636
20120518|대전|10|13939870615950
20120518|부산|611|6930889131346
20120518|서울|385|593563593468191
20120518|울산|117|28742319908280
20120518|인천|218|12465038101404
20120518|전남|60|1385928047520
20120518|전북|111|1327014600119
20120518|제주|700|275781423609
20120518|충남|22|6015280651112
20120518|충북|12|1193282711535
20120521|강원|31|5549562539940
20120521|경기|136|267043758370557
20120521|경남|37|23374389810461
20120521|경북|116|37975900016674
20120521|광주|8|2274711298685
20120521|대구|23|4122484749156
20120521|대전|100|13847890723300
20120521|부산|611|6910076450653
20120521|서울|385|596022835256985
20120521|울산|17|28891030109270
20120521|인천|28|12420846490009
20120521|전남|6|1394194837740
20120521|전북|11|1313721832207
20120521|제주|71|275338639853
20120521|충남|22|5969304498899
20120521|충북|112|1204810955160
20120522|강원|3|5427938399400
20120522|경기|136|272527770254610
20120522|경남|317|23863064440951
20120522|경북|116|37927003083484
20120522|광주|800|2301292480470
20120522|대구|23|4216716433216
20120522|대전|10|14065570361390
20120522|부산|61|7053726260063
20120522|서울|385|605200489158415
20120522|울산|171|29595916539890
20120522|인천|208|12762379035419
20120522|전남|600|1396655393930
20120522|전북|11|1345185073237
20120522|제주|7|277823989202
20120522|충남|22|5977599232120
20120522|충북|12|1233369118070
20120523|강원|3|5465743128000
20120523|경기|136|268049444362940
20120523|경남|371|23716806777113
20120523|경북|16|37534810464222
20120523|광주|8|2242937969590
20120523|대구|23|4196636126629
20120523|대전|110|14016245673800
20120523|부산|61|6989987544623
20120523|서울|385|600243929679762
20120523|울산|17|28771896555030
20120523|인천|218|12468216874874
20120523|전남|6|1390539622970
20120523|전북|101|1338247793460
20120523|제주|7|276052225910
20120523|충남|212|6035157196816
20120523|충북|12|1224430808360
20120524|강원|3|5448601153920
20120524|경기|136|268964628202765
20120524|경남|317|24234610807278
20120524|경북|16|37646134099894
20120524|광주|8|2281737716755
20120524|대구|213|4186441663128
20120524|대전|10|14210499862130
20120524|부산|611|7003887581861
20120524|서울|385|601179976046210
20120524|울산|17|29013805476540
20120524|인천|28|12754135815167
20120524|전남|600|1395613032650
20120524|전북|111|1323729605551
20120524|제주|6|260756954624
20120524|충남|22|6063057016954
20120524|충북|12|1245376427760
20120525|강원|3|5588552659920
20120525|경기|136|269108207008031
20120525|경남|37|24613799403489
20120525|경북|116|37857572538411
20120525|광주|8|2339688982830
20120525|대구|213|4232099325789
20120525|대전|10|13976133007810
20120525|부산|61|7081277842745
20120525|서울|385|604692289058213
20120525|울산|17|29611892424610
20120525|인천|208|13092352841570
20120525|전남|61|1401768340930
20120525|전북|111|1348915095808
20120525|제주|6|262239992892
20120525|충남|22|6330997025697
20120525|충북|102|1263500917900
20120529|강원|300|5578328127000
20120529|경기|136|272229526001513
20120529|경남|37|24819618882201
20120529|경북|16|38154774275356
20120529|광주|800|2325012947480
20120529|대구|203|4319472520174
20120529|대전|100|14115004673960
20120529|부산|610|7147009946731
20120529|서울|385|614148861318835
20120529|울산|17|30536725546110
20120529|인천|218|13254703208686
20120529|전남|6|1396028704510
20120529|전북|11|1362314222098
20120529|제주|61|262504742426
20120529|충남|22|6311960985214
20120529|충북|112|1273430437075
20120530|강원|3|5492718618840
20120530|경기|136|270759589071449
20120530|경남|317|24722149061762
20120530|경북|106|38521016593823
20120530|광주|80|2307069726370
20120530|대구|23|4391999554337
20120530|대전|100|14182920500820
20120530|부산|61|7091646941263
20120530|서울|385|612680158837343
20120530|울산|117|30587705327720
20120530|인천|28|13177768578478
20120530|전남|600|1381344213890
20120530|전북|101|1362302086286
20120530|제주|600|261162867990
20120530|충남|202|6191930646161
20120530|충북|12|1277193722925
20120531|강원|300|5617879909440
20120531|경기|136|268976570615928
20120531|경남|37|24780693013297
20120531|경북|16|38472034618825
20120531|광주|8|2314399536910
20120531|대구|230|4438227924873
20120531|대전|10|14383148528020
20120531|부산|610|7038688474233
20120531|서울|385|613678432807563
20120531|울산|170|30359327177090
20120531|인천|208|12950333985639
20120531|전남|600|1388271638940
20120531|전북|11|1366261461646
20120531|제주|600|260820816970
20120531|충남|212|6283613876299
20120531|충북|12|1272756995920
20120601|강원|3|5663446687920
20120601|경기|136|272276157987760
20120601|경남|371|24876802520206
20120601|경북|106|37990271511417
20120601|광주|800|2360378703765
20120601|대구|213|4416906744505
20120601|대전|10|14537789020520
20120601|부산|611|7042035212654
20120601|서울|385|606437125642177
20120601|울산|17|29629435007410
20120601|인천|28|12777871134767
20120601|전남|600|1399715728270
20120601|전북|11|1361819886211
20120601|제주|6|265188706300
20120601|충남|22|6255350197929
20120601|충북|112|1276569188460
20120604|강원|31|5661030842820
20120604|경기|136|264619049411873
20120604|경남|370|24048448950638
20120604|경북|16|37384296126661
20120604|광주|8|2347677855260
20120604|대구|23|4259503010869
20120604|대전|100|14630829795120
20120604|부산|610|6867989243546
20120604|서울|385|588860130929302
20120604|울산|117|28527108000680
20120604|인천|280|12259161452722
20120604|전남|60|1358783411840
20120604|전북|11|1309619324736
20120604|제주|60|257208331356
20120604|충남|202|6187621567803
20120604|충북|102|1228508024955
20120605|강원|3|5715643980360
20120605|경기|135|286957040618835
20120605|경남|307|26410362967968
20120605|경북|16|42176699073969
20120605|광주|80|2432247014715
20120605|대구|23|5053283917560
20120605|대전|10|14367123914570
20120605|부산|601|8769649638335
20120605|서울|388|688780940653974
20120605|울산|17|36719734443230
20120605|인천|28|15207807886077
20120605|전남|6|1314998119570
20120605|전북|11|1652124969596
20120605|제주|6|203939802816
20120605|충남|22|6564266486223
20120605|충북|102|1386598124345
20120606|강원|300|5601457986600
20120606|경기|135|283223362091738
20120606|경남|37|26402413032877
20120606|경북|106|41346125967766
20120606|광주|8|2447150965505
20120606|대구|23|5011743152050
20120606|대전|10|14107192408010
20120606|부산|61|8612136708142
20120606|서울|388|686850774687206
20120606|울산|17|35906390787610
20120606|인천|28|14776969135579
20120606|전남|6|1306699028260
20120606|전북|101|1641203016405
20120606|제주|6|204135999198
20120606|충남|202|6536041495826
20120606|충북|102|1378556372250
20120607|강원|30|5551180989780
20120607|경기|135|285412814296219
20120607|경남|307|26280561355060
20120607|경북|106|40886833158416
20120607|광주|80|2407374463380
20120607|대구|203|4926298144215
20120607|대전|10|14159957409630
20120607|부산|610|8588884525387
20120607|서울|388|685733694457257
20120607|울산|17|35153072450740
20120607|인천|28|14622223714080
20120607|전남|60|1550314773480
20120607|전북|110|1597534498111
20120607|제주|60|204037056974
20120607|충남|22|6543152864217
20120607|충북|12|1356644569545
20120608|강원|30|5619729483240
20120608|경기|135|286638049204593
20120608|경남|37|26456983226087
20120608|경북|16|40783463307452
20120608|광주|80|2410897959520
20120608|대구|23|4920125060220
20120608|대전|10|14060742298780
20120608|부산|61|8524811873983
20120608|서울|388|684083984272985
20120608|울산|17|35714351583590
20120608|인천|208|14837656911559
20120608|전남|6|1532239693900
20120608|전북|101|1622907864443
20120608|제주|61|206287196922
20120608|충남|22|6586631675009
20120608|충북|12|1377401547015
20120609|강원|3|5586480192960
20120609|경기|1135|288126723387500
20120609|경남|37|26140235496536
20120609|경북|116|40496211777943
20120609|광주|81|2377780224580
20120609|대구|123|4768963972710
20120609|대전|10|14009558365590
20120609|부산|611|8354107431708
20120609|서울|388|679741652009729
20120609|울산|107|35713676031080
20120609|인천|28|14563807950131
20120609|전남|6|1514093890660
20120609|전북|11|1615391618950
20120609|제주|6|206408106650
20120609|충남|212|6534883136696
20120609|충북|12|1362098959820
20120610|강원|31|5716389115560
20120610|경기|135|294449984474850
20120610|경남|37|26262990911799
20120610|경북|116|40799241824367
20120610|광주|8|2316904990195
20120610|대구|23|4798972722240
20120610|대전|10|14408031133470
20120610|부산|61|8455481353424
20120610|서울|388|682999352519434
20120610|울산|17|36462398125300
20120610|인천|28|14701262124888
20120610|전남|600|1511157800340
20120610|전북|11|1623842112729
20120610|제주|6|205651912268
20120610|충남|22|6569867561564
20120610|충북|112|1345478061270
20120611|강원|3|5727600151800
20120611|경기|135|292757289448119
20120611|경남|137|26064402781840
20120611|경북|16|40548688094772
20120611|광주|8|2338808188270
20120611|대구|23|4803573209280
20120611|대전|10|14630124182520
20120611|부산|61|8414825850354
20120611|서울|388|680509112531206
20120611|울산|17|36548906620400
20120611|인천|28|14535531195177
20120611|전남|6|1503151344180
20120611|전북|11|1623612482732
20120611|제주|6|205696424642
20120611|충남|212|6583419568272
20120611|충북|12|1350618102480
20120612|강원|3|5572349537940
20120612|경기|135|288381019597923
20120612|경남|37|25824998386482
20120612|경북|16|40021334645937
20120612|광주|8|2296267364350
20120612|대구|213|4679425973650
20120612|대전|110|14791149469490
20120612|부산|601|8232589618087
20120612|서울|388|677357588628103
20120612|울산|117|35660614541680
20120612|인천|218|14474046034733
20120612|전남|6|1446483248370
20120612|전북|11|1609643678466
20120612|제주|6|206155301998
20120612|충남|22|6513159044619
20120612|충북|112|1330654521640
20120613|강원|3|5653304696580
20120613|경기|135|287509069254820
20120613|경남|307|25884106036170
20120613|경북|16|40286455724087
20120613|광주|81|2261791254230
20120613|대구|23|4624208717305
20120613|대전|10|15071825611880
20120613|부산|61|8228926000817
20120613|서울|388|677211177534586
20120613|울산|17|35490204522730
20120613|인천|218|14767906683752
20120613|전남|6|1490019205930
20120613|전북|11|1605587005564
20120613|제주|6|202098036368
20120613|충남|22|6574826313504
20120613|충북|12|1325152910770
20120614|강원|3|5599216383360
20120614|경기|135|291072474667768
20120614|경남|371|25754356928102
20120614|경북|116|40480349344339
20120614|광주|81|2268587035210
20120614|대구|23|4650693567870
20120614|대전|100|14721088573740
20120614|부산|61|8241722869129
20120614|서울|388|682279054335764
20120614|울산|117|35484821378540
20120614|인천|28|14990676417520
20120614|전남|6|1523779018830
20120614|전북|111|1633633459817
20120614|제주|6|207170129390
20120614|충남|22|6479111824191
20120614|충북|12|1342578772655
20120615|강원|3|5485670991480
20120615|경기|135|296881063210360
20120615|경남|37|25424310500541
20120615|경북|16|40331214196068
20120615|광주|81|2240966101090
20120615|대구|23|4683514552365
20120615|대전|10|14508565405750
20120615|부산|610|8131200855340
20120615|서울|388|687937990281957
20120615|울산|17|36252233818970
20120615|인천|28|15007595427726
20120615|전남|6|1509939934430
20120615|전북|11|1612586009782
20120615|제주|6|204207426932
20120615|충남|22|6411304045318
20120615|충북|112|1319799842470
20120616|강원|311|5528143909320
20120616|경기|135|292628913124877
20120616|경남|317|25032706235709
20120616|경북|16|39734098737634
20120616|광주|800|2220241867880
20120616|대구|23|4622305982000
20120616|대전|110|14698203155770
20120616|부산|61|8106399274033
20120616|서울|388|677374501655054
20120616|울산|17|35272620083660
20120616|인천|28|14693195304921
20120616|전남|6|1518890747800
20120616|전북|111|1566315945019
20120616|제주|61|204104056678
20120616|충남|22|6283280550596
20120616|충북|12|1309977826760
20120617|강원|3|5521389910140
20120617|경기|136|295369436985029
20120617|경남|37|25531282411306
20120617|경북|16|39578478478637
20120617|광주|8|2223832219855
20120617|대구|213|4644559856335
20120617|대전|10|15102461854910
20120617|부산|611|8056945640883
20120617|서울|388|679898002289127
20120617|울산|170|35001209202730
20120617|인천|218|14914157451054
20120617|전남|6|1524376175070
20120617|전북|111|1590044308313
20120617|제주|6|203392764082
20120617|충남|22|6313147991885
20120617|충북|12|1310013066830
20120618|강원|3|5498893513680
20120618|경기|136|295330039875148
20120618|경남|37|25554327780148
20120618|경북|116|39527717567918
20120618|광주|8|2274362691200
20120618|대구|23|4596444817380
20120618|대전|10|14807099585660
20120618|부산|61|7971087124083
20120618|서울|388|680949455735840
20120618|울산|117|34905151913050
20120618|인천|28|14686687824534
20120618|전남|6|1514347263380
20120618|전북|111|1575772379770
20120618|제주|6|205657377954
20120618|충남|22|6249517558039
20120618|충북|12|1323635616630
20120619|강원|503|5393699010240
20120619|경기|136|291052390632386
20120619|경남|37|24791192366362
20120619|경북|16|38752115989064
20120619|광주|8|2247477115045
20120619|대구|23|4473496002516
20120619|대전|10|14889325356730
20120619|부산|611|7694787402086
20120619|서울|388|671131523294999
20120619|울산|17|33896273849460
20120619|인천|28|14290325827383
20120619|전남|6|1503202479930
20120619|전북|11|1507488717274
20120619|제주|6|205045459220
20120619|충남|22|5972179976941
20120619|충북|112|1290052010505
20120620|강원|300|5444368043100
20120620|경기|136|289341131864950
20120620|경남|37|24664220178979
20120620|경북|116|39297124861013
20120620|광주|8|2265845594465
20120620|대구|23|4471443008855
20120620|대전|10|14921893620310
20120620|부산|61|7733227892059
20120620|서울|388|670969643091599
20120620|울산|17|33693758079640
20120620|인천|28|14313040167301
20120620|전남|16|1519133834050
20120620|전북|11|1488932778227
20120620|제주|61|204746231490
20120620|충남|22|6020792978899
20120620|충북|12|1258779920195
20120621|강원|31|5389672436160
20120621|경기|136|283343119523176
20120621|경남|317|24932754506953
20120621|경북|16|39745266548427
20120621|광주|800|2317795432105
20120621|대구|23|4474851696079
20120621|대전|110|14884585831560
20120621|부산|611|7722166849339
20120621|서울|388|671462857159391
20120621|울산|17|33853165130150
20120621|인천|28|14596711587269
20120621|전남|6|1495850913990
20120621|전북|11|1477721708905
20120621|제주|6|203433215854
20120621|충남|22|6091660181761
20120621|충북|112|1261438676775