code|group|name|sell|buy|straight_purchase||sort|rate
KR7000060004|3100|사모펀드|0|0|0|1|20.00
KR7000060004|6000|연기금.공제|1000|1000|0|2|17.07
KR7000060004|9000|외국인|2000|1500|-500|1|4.07
KR7000060004|4000|은행|3000|3000|0|2|3.41
KR7000060004|3000|투신|4000|5000|1000|2|1.82
KR7000060004|2000|보험|5000|2000|-3000|1|0.84
KR7000060004|7000|기타법인|6000|7200|-1200|2|0.10
KR7000060004|8000|개인|8000|5400|-2600|1|0.01
KR7000060004|1000|증권|9000|9000|0|1|0.00
KR7000060004|1000|금융투자|6000|5000|-1000|1|0.00

KR7000060005|3100|사모펀드|0|2000|2000|1|20.00
KR7000060005|6000|연기금.공제|1000|1000|0|2|17.07
KR7000060005|9000|외국인|3000|4000|1000|1|4.07
KR7000060005|4000|은행|3000|2000|-1000|2|3.41
KR7000060005|3000|투신|3000|7200|4200|2|1.82
KR7000060005|2000|보험|6000|3600|-2400|1|0.84
KR7000060005|7000|기타법인|6000|5400|-600|2|0.10
KR7000060005|8000|개인|7500|7200|-300|1|0.01
KR7000060005|1000|증권|9000|9000|0|1|0.00
KR7000060005|1000|금융투자|4500|3600|-900|1|0.00

KR7000060006|3100|사모펀드|1000|2000|1000|1|20.00
KR7000060006|6000|연기금.공제|2000|1000|-1000|2|17.07
KR7000060006|9000|외국인|3000|3000|0|1|4.07
KR7000060006|4000|은행|4000|2000|-2000|2|3.41
KR7000060006|3000|투신|4000|6200|2200|2|1.82
KR7000060006|2000|보험|3000|4600|1600|1|0.84
KR7000060006|7000|기타법인|4000|5400|1400|2|0.10
KR7000060006|8000|개인|7500|6200|-1300|1|0.01
KR7000060006|1000|증권|9000|9000|0|1|0.00
KR7000060006|1000|금융투자|7000|5000|-2000|1|0.00

KR7000060007|3100|사모펀드|0|0|0|1|20.00
KR7000060007|6000|연기금.공제|1800|4600|2800|2|17.07
KR7000060007|9000|외국인|6400|6900|500|1|4.07
KR7000060007|4000|은행|3200|2200|-1000|22|3.41
KR7000060007|3000|투신|1600|2400|800|23|1.82
KR7000060007|2000|보험|8000|9000|1000|12|0.84
KR7000060007|7000|기타법인|5500|5000|-500|2|0.10
KR7000060007|8000|개인|9000|7000|-2000|1|0.01
KR7000060007|1000|증권|3200|7000|3800|1|0.00
KR7000060007|1000|금융투자|6000|5000|-1000|1|0.00

KR7000060008|3100|사모펀드|2000|2400|400|1|20.00
KR7000060008|6000|연기금.공제|5500|5600|100|2|17.07
KR7000060008|9000|외국인|9000|4700|-4300|1|4.07
KR7000060008|4000|은행|4000|2500|-1500|2|3.41
KR7000060008|3000|투신|5200|7000|1800|2|1.82
KR7000060008|2000|보험|7800|1200|-6600|1|0.84
KR7000060008|7000|기타법인|1100|1500|400|2|0.10
KR7000060008|8000|개인|6800|9000|2200|1|0.01
KR7000060008|1000|증권|4700|2300|-2400|1|0.00
KR7000060008|1000|금융투자|6000|3600|-2400|1|0.00

KR7000060009|3100|사모펀드|1000|1000|0|1|20.00
KR7000060009|6000|연기금.공제|2000|3000|1000|2|17.07
KR7000060009|9000|외국인|1000|4000|3000|1|4.07
KR7000060009|4000|은행|5000|2000|-3000|2|3.41
KR7000060009|3000|투신|6000|5000|-1000|2|1.82
KR7000060009|2000|보험|3000|5000|2000|1|0.84
KR7000060009|7000|기타법인|5000|6000|1000|2|0.10
KR7000060009|8000|개인|9000|9000|0|1|0.01
KR7000060009|1000|증권|2000|0|-2000|12|0.00
KR7000060009|1000|금융투자|7000|6000|-1000|1|0.00

KR70000600010|3100|사모펀드|1000|0|-1000|1|20.00
KR70000600010|6000|연기금.공제|2000|3000|1000|2|17.07
KR70000600010|9000|외국인|1000|4000|3000|1|4.07
KR70000600010|4000|은행|5000|0|-5000|2|3.41
KR70000600010|3000|투신|6000|9000|3000|2|1.82
KR70000600010|2000|보험|0|5000|5000|1|0.84
KR70000600010|7000|기타법인|4500|1000|-3500|2|0.10
KR70000600010|8000|개인|9000|7000|-2000|1|0.01
KR70000600010|1000|증권|1000|1000|0|1|0.00
KR70000600010|1000|금융투자|7000|8000|1000|1|0.00

KR70000600011|3100|사모펀드|1000|1000|0|1|20.00
KR70000600011|6000|연기금.공제|2000|3000|1000|2|17.07
KR70000600011|9000|외국인|1000|4000|3000|1|4.07
KR70000600011|4000|은행|9000|5000|-4000|2|3.41
KR70000600011|3000|투신|6000|5000|-1000|2|1.82
KR70000600011|2000|보험|2000|5000|3000|1|0.84
KR70000600011|7000|기타법인|5000|2000|-3000|2|0.10
KR70000600011|8000|개인|6000|9000|3000|1|0.01
KR70000600011|1000|증권|1500|1800|300|1|0.00
KR70000600011|1000|금융투자|5000|7000|2000|1|0.00

KR70000600012|3100|사모펀드|1000|1000|0|1|20.00
KR70000600012|6000|연기금.공제|9000|3000|-6000|2|17.07
KR70000600012|9000|외국인|1000|4000|3000|1|4.07
KR70000600012|4000|은행|5000|5000|0|2|3.41
KR70000600012|3000|투신|6000|5000|-1000|2|1.82
KR70000600012|2000|보험|2000|5000|3000|1|0.84
KR70000600012|7000|기타법인|5000|9000|4000|2|0.10
KR70000600012|8000|개인|6000|7000|1000|1|0.01
KR70000600012|1000|증권|2000|1000|-1000|1|0.00
KR70000600012|1000|금융투자|4000|6000|2000|1|0.00

KR70000600013|3100|사모펀드|0|1000|1000|1|20.00
KR70000600013|6000|연기금.공제|7000|4000|-3000|2|17.07
KR70000600013|9000|외국인|2000|5000|3000|1|4.07
KR70000600013|4000|은행|6000|3000|-3000|2|3.41
KR70000600013|3000|투신|9000|5000|-4000|2|1.82
KR70000600013|2000|보험|3000|4000|1000|1|0.84
KR70000600013|7000|기타법인|7000|9000|2000|2|0.10
KR70000600013|8000|개인|5000|6000|1000|1|0.01
KR70000600013|1000|증권|3500|3000|-500|1|0.00
KR70000600013|1000|금융투자|6000|4000|-2000|1|0.00

KR70000600014|3100|사모펀드|1000|500|-500|1|20.00
KR70000600014|6000|연기금.공제|6000|7000|1000|2|17.07
KR70000600014|9000|외국인|4000|5000|1000|1|4.07
KR70000600014|4000|은행|5000|3000|-2000|2|3.41
KR70000600014|3000|투신|8000|4000|-4000|2|1.82
KR70000600014|2000|보험|6000|4000|-2000|1|0.84
KR70000600014|7000|기타법인|5000|9000|4000|2|0.10
KR70000600014|8000|개인|5000|7000|2000|1|0.01
KR70000600014|1000|증권|3500|3000|-500|1|0.00
KR70000600014|1000|금융투자|7000|4000|-3000|1|0.00